 null
 80 241 92 115
 208 133 109 115
 00 103 108 115
 176 70 112 115
 64 42 122 115
 32 70 96 115
 128 144 126 115
 192 230 134 115
 00 117 116 115
 16 155 95 115
 64 167 100 115
 80 142 101 115
 64 255 106 115
 64 75 143 115
 192 235 136 115
 48 72 111 115
 192 75 141 115
 192 183 144 115
 176 17 103 115
 128 121 129 115
 192 135 104 115
 192 06 132 115
 16 153 116 115
 128 45 123 115
 240 02 138 115
 144 150 119 115
 176 133 115 115
 64 05 145 115
 144 21 113 115
 192 193 114 115
 240 220 125 115
 null
 176 230 111 115
 16 87 143 115
 32 218 131 115
 176 206 141 115
 224 24 118 115
 16 103 104 115
 48 185 104 115
 32 68 132 115
 80 95 109 115
 80 63 101 115
 192 174 130 115
 128 133 125 115
 80 187 88 115
 160 84 107 115
 192 88 105 115
 48 229 115 115
 00 228 117 115
 208 011 128 115
 16 251 105 115
 00 183 139 115
 32 215 141 115
 00 172 110 115
 224 100 103 115
 00 233 127 115
 64 191 129 115
 96 41 125 115
 80 90 112 115
 176 234 133 115
 128 84 107 115
 240 233 108 115
 224 98 131 115
 192 121 105 115
 00 208 123 115
 16 90 142 115
 208 74 102 115
 160 153 103 115
 48 126 121 115
 64 012 106 115
 96 19 116 115
 176 151 104 115
 80 193 129 115
 48 010 110 115
 224 226 104 115
 00 202 123 115
 64 41 116 115
 96 39 122 115
 96 37 106 115
 48 29 113 115
 208 012 111 115
 32 012 88 115
 16 251 97 115
 208 176 120 115
 16 127 106 115
 224 152 109 115
 16 62 106 115
 16 224 111 115
 32 100 106 115
 64 144 113 115
 192 185 98 115
 00 190 113 115
 64 23 102 115
 16 248 109 115
 32 43 114 115
 208 71 132 115
 32 192 122 115
 96 169 133 115
 80 54 142 115
 96 75 122 115
 112 222 101 115
 224 244 134 115
 224 185 105 115
 128 166 138 115
 48 145 111 115
 144 175 145 115
 144 89 110 115
 32 24 121 115
 32 19 146 115
 144 35 114 115
 80 200 141 115
 208 145 106 115
 192 234 87 115
 16 172 109 115
 192 93 131 115
 16 242 113 115
 176 06 114 115
 80 184 102 115
 80 207 140 115
 00 147 102 115
 32 79 104 115
 48 82 101 115
 208 136 133 115
 96 77 117 115
 00 135 145 115
 64 01 102 115
 00 24 90 115
 176 250 97 115
 128 107 110 115
 192 249 90 115
 224 129 115 115
 192 132 104 115
 80 158 115 115
 128 162 114 115
 128 113 134 115
 32 33 111 115
 32 155 109 115
 224 237 140 115
 192 240 89 115
 64 04 108 115
 16 201 114 115
 224 147 118 115
 16 242 143 115
 192 44 112 115
 48 248 103 115
 208 152 122 115
 64 86 127 115
 208 98 131 115
 112 00 94 115
 64 194 101 115
 64 193 131 115
 208 220 111 115
 176 60 104 115
 192 89 111 115
 80 243 101 115
 128 169 114 115
 00 181 109 115
 64 220 121 115
 224 63 102 115
 32 206 97 115
 176 179 121 115
 135 99 61 170
 80 84 103 115
 208 16 114 115
 64 49 141 115
 224 192 125 115
 96 248 136 115
 176 79 116 115
 00 65 119 115
 176 173 104 115
 32 69 115 115
 16 182 114 115
 64 27 114 115
 96 107 141 115
 192 010 106 115
 32 29 90 115
 176 200 125 115
 16 48 108 115
 144 96 106 115
 112 200 107 115
 224 222 108 115
 208 181 121 115
 80 102 115 115
 112 143 101 115
 128 85 115 115
 00 208 110 115
 64 134 115 115
 64 230 103 115
 112 105 95 115
 144 191 134 115
 128 35 142 115
 32 249 96 115
 80 143 120 115
 112 24 138 115
 48 186 144 115
 64 205 115 115
 112 30 109 115
 192 98 107 115
 224 108 135 115
 64 171 127 115
 240 42 110 115
 176 189 88 115
 240 223 124 115
 00 142 101 115
 144 193 143 115
 112 85 115 115
 176 011 132 115
 160 100 101 115
 144 237 106 115
 192 132 107 115
 144 110 126 115
 240 158 104 115
 208 94 111 115
 80 241 104 115
 224 90 102 115
 144 224 105 115
 112 170 130 115
 208 54 105 115
 224 199 113 115
 48 69 107 115
 208 181 105 115
 16 156 114 115
 240 163 101 115
 16 53 106 115
 80 88 105 115
 224 79 115 115
 32 08 119 115
 64 94 101 115
 00 253 109 115
 160 92 107 115
 48 105 104 115
 144 52 111 115
 32 94 112 115
 112 196 110 115
 64 27 138 115
 32 117 145 115
 00 76 106 115
 208 59 96 115
 80 214 118 115
 48 136 99 115
 00 214 110 115
 48 180 108 115
 208 175 140 190
 160 74 144 115
 240 149 111 115
 00 56 104 115
 48 21 104 115
 160 87 124 115
 128 137 110 115
 208 91 106 115
 208 244 107 115
 00 148 102 115
 240 147 132 115
 00 61 112 115
 240 220 144 115
 176 79 102 115
 32 248 116 115
 80 192 102 115
 160 19 120 115
 32 126 119 44
 224 18 140 115
 112 147 112 115
 32 34 103 115
 16 53 114 115
 160 92 108 115
 224 00 126 115
 192 55 105 115
 48 92 111 115
 16 230 103 115
 128 146 114 115
 48 06 117 115
 112 214 86 115
 32 179 108 115
 16 119 93 115
 112 168 94 115
 64 19 115 115
 00 78 109 115
 128 70 118 115
 240 131 93 115
 16 179 101 115
 128 40 102 115
 48 22 104 115
 192 010 107 115
 64 22 137 115
 16 82 117 115
 176 75 105 115
 64 37 115 115
 144 137 134 115
 80 99 90 115
 208 73 104 115
 208 161 112 115
 80 207 98 115
 176 129 110 115
 48 182 131 190
 208 90 126 115
 16 131 104 115
 224 102 131 115
 240 228 116 115
 176 230 138 115
 48 51 111 115
 240 16 146 115
 32 136 99 115
 80 53 110 115
 112 142 106 115
 112 207 86 115
 00 66 109 115
 112 76 110 115
 00 102 108 115
 128 55 111 115
 80 221 144 115
 176 04 132 115
 112 210 107 115
 208 241 137 115
 176 196 105 115
 160 231 138 115
 16 17 109 115
 16 49 105 115
 32 47 100 115
 32 236 101 115
 224 57 113 115
 240 101 144 115
 192 73 105 115
 160 197 136 115
 96 117 138 115
 128 102 104 115
 80 05 139 115
 64 123 137 115
 96 231 106 115
 208 205 113 115
 80 167 106 115
 96 204 113 115
 128 64 141 115
 80 24 246 80
 224 140 92 115
 80 170 130 190
 160 143 110 115
 96 52 04 97
 96 210 105 115
 96 132 155 190
 16 155 113 115
 32 47 115 44
 240 162 101 115
 48 223 118 44
 240 120 110 115
 240 220 142 190
 16 251 100 115
 48 176 149 190
 16 221 106 115
 192 175 123 115
 128 132 107 115
 224 20 108 115
 192 32 114 115
 00 57 109 115
 224 225 114 115
 00 173 107 115
 224 00 105 115
 112 011 120 115
 80 245 109 115
 176 103 104 115
 80 157 137 115
 144 195 106 115
 32 105 106 115
 144 17 90 115
 32 126 115 115
 64 34 133 115
 64 36 133 190
 16 56 114 115
 00 223 117 44
 224 137 103 115
 80 50 143 190
 32 216 131 115
 192 53 31 97
 32 91 112 115
 240 192 254 80
 192 103 107 115
 80 218 117 44
 192 88 103 115
 224 51 154 190
 48 73 126 115
 96 208 157 190
 176 154 93 115
 48 35 130 115
 112 153 109 115
 00 225 94 115
 00 38 108 115
 160 195 143 115
 32 213 145 115
 128 138 112 115
 64 68 115 115
 16 157 107 115
 176 01 133 115
 32 116 93 115
 112 155 86 115
 112 134 131 115
 16 83 118 115
 176 16 110 115
 160 67 145 115
 112 62 112 115
 112 247 134 190
 176 225 108 115
 208 33 246 80
 208 115 133 115
 96 134 144 190
 80 61 143 115
 00 139 134 190
 00 63 114 115
 144 105 123 44
 80 188 116 115
 64 170 137 44
 208 220 124 115
 192 140 35 97
 192 127 105 115
 16 219 129 190
 176 41 115 115
 160 240 134 190
 00 244 102 115
 240 60 122 115
 16 231 91 115
 192 16 107 115
 00 229 111 115
 00 013 107 115
 144 114 89 115
 80 43 114 115
 00 247 114 115
 128 146 126 115
 224 31 132 115
 240 183 112 115
 240 161 101 115
 112 07 130 115
 128 186 107 115
 208 245 115 115
 96 06 122 115
 32 178 111 115
 240 219 117 115
 48 241 107 115
 160 194 132 44
 16 161 108 115
 64 139 139 190
 128 109 108 115
 128 241 132 44
 192 254 130 115
 128 216 255 96
 192 34 142 115
 224 220 233 96
 48 223 144 115
 48 141 246 80
 176 38 96 115
 00 136 35 97
 224 216 107 115
 00 21 125 44
 160 131 139 115
 80 107 09 97
 192 89 131 115
 16 77 142 115
 00 02 141 115
 112 111 126 115
 144 178 142 115
 80 118 132 115
 48 209 115 115
 112 08 130 115
 32 48 87 115
 112 172 139 115
 48 90 108 115
 00 75 103 115
 160 158 101 115
 176 203 123 115
 96 132 109 115
 128 242 143 115
 208 30 139 115
 48 166 111 115
 96 60 118 115
 224 96 137 115
 32 112 103 115
 32 67 108 115
 48 93 142 115
 80 54 95 115
 112 94 133 115
 192 97 115 115
 64 218 104 115
 160 04 146 115
 224 216 101 115
 176 231 110 115
 128 159 105 115
 16 240 123 115
 112 54 123 115
 144 196 141 115
 176 26 126 115
 00 46 111 115
 48 38 138 115
 80 72 103 115
 144 147 94 115
 160 23 127 115
 192 126 105 115
 32 57 106 115
 128 49 124 115
 128 162 112 115
 48 68 107 115
 224 126 115 115
 96 148 106 115
 240 243 103 115
 48 69 105 115
 96 124 117 115
 16 224 114 115
 160 156 112 115
 160 101 115 115
 160 07 111 115
 112 68 107 115
 16 18 108 115
 192 244 107 115
 240 67 109 115
 224 128 103 115
 160 252 109 115
 144 04 102 115
 32 18 104 115
 00 193 123 115
 176 130 110 115
 160 176 144 115
 80 132 136 115
 176 186 101 115
 16 172 122 115
 64 03 145 115
 96 80 105 115
 208 210 113 115
 144 154 133 115
 144 94 92 115
 112 76 97 115
 144 87 114 115
 96 58 113 115
 16 135 139 115
 112 69 142 115
 64 90 111 115
 208 013 115 115
 64 122 112 115
 240 161 113 115
 16 31 116 115
 208 189 129 115
 00 105 114 115
 96 99 113 115
 96 161 118 115
 160 194 143 115
 112 58 123 115
 224 37 105 115
 144 90 101 115
 128 80 113 115
 208 228 89 115
 48 247 138 115
 32 50 133 115
